1289
L 1268 D.Va 6 08 20 18 00 08
W 1296 D.Va 7 08 20 18 00 22
L 1275 Winston 5 08 20 18 00 43
W 1300 Winston 8 08 20 18 01 05
W 1325 Winston 8 08 20 18 01 22
W 1356 Winston 8 08 20 18 01 36
W 1382 Winston 6 08 20 18 01 56
W 1398 Mercy 8 08 20 18 02 08
W 1415 Mercy 6 08 20 18 02 26
W 1437 Winston 7 08 20 18 02 39
L 1420 Winston 8 08 20 18 14 16
W 1444 Winston 5 08 20 18 15 31
L 1424 Orisa 5 08 20 18 19 01
L 1403 Hanzo 8 08 20 18 21 04
L 1380 Junkrat 5 08 20 18 23 34
W 1406 Winston 7 08 20 18 23 48
W 1429 Zenyatta 7 08 21 18 00 01
L 1411 Winston 6 08 21 18 00 16
W 1437 Zenyatta 8 08 21 18 00 33
L 1420 Winston 6 08 21 18 13 50
W 1444 Zenyatta 8 08 21 18 14 01
W 1467 Orisa 9 08 21 18 14 19
W 1472 Brigitte 3 08 26 18 23 57
W 1496 Mercy 6 08 27 18 00 20
W 1521 Mercy 5 08 27 18 00 41
L 1500 Mercy 5 08 27 18 01 08
L 1480 Mercy 4 08 27 18 18 44
L 1461 Mercy 5 08 27 18 18 56
