2300
L 2273 Winston 3 08 16 18 19 28
L 2249 Soldier 6 08 16 18 19 45
L 2227 Mercy 5 08 16 18 20 12
L 2202 Winston 4 08 17 18 21 02
W 2226 Winston 7 08 17 18 22 25
W 2251 Winston 8 08 17 18 22 50
L 2231 Moira 6 08 20 18 22 47
L 2202 Orisa 3 08 20 18 23 08
W 2232 Winston 8 08 23 18 20 39
L 2209 Winston 6 08 23 18 21 25
L 2189 Soldier 7 08 23 18 21 41
W 2214 Winston 7 08 24 18 23 19
L 2189 Soldier 2 08 24 18 23 32
W 2215 Winston 8 08 24 18 23 46
W 2240 Winston 6 08 25 18 00 00
T 2240 Winston 8 08 25 18 00 27
L 2217 Winston 6 08 26 18 23 09
L 2192 Reinhardt 6 08 26 18 23 31
W 2214 Winston 8 08 26 18 23 55
W 2241 Soldier 9 08 27 18 00 20
W 2261 Winston 5 08 27 18 00 42
L 2235 D.Va 4 08 27 18 01 09
L 2213 Hanzo 6 08 27 18 18 44
L 2191 Winston 4 08 27 18 18 56
