2158
L 2136 D.Va 7 08 16 18 19 28
L 2113 D.Va 5 08 16 18 19 45
L 2090 Reinhardt 5 08 16 18 20 12
L 2068 D.Va 4 08 16 18 21 02
W 2097 D.Va 6 08 16 18 22 25
W 2119 D.Va 5 08 16 18 22 50
L 2095 D.Va 5 08 20 18 22 47
L 2072 D.Va 4 08 20 18 23 08
W 2094 D.Va 6 08 23 18 20 40
L 2070 D.Va 5 08 23 18 21 25
L 2045 D.Va 4 08 23 18 21 41
W 2067 D.Va 7 08 24 18 23 19
L 2046 Mercy 5 08 24 18 23 32
W 2073 D.Va 8 08 24 18 23 46
W 2104 D.Va 9 08 25 18 00 00
T 2104 D.Va 7 08 25 18 00 27
L 2081 D.Va 5 08 26 18 23 09
L 2058 D.Va 4 08 26 18 23 32
W 2081 D.Va 5 08 26 18 23 55
W 2106 D.Va 7 08 27 18 00 21
W 2127 D.Va 6 08 27 18 00 42
L 2106 Brigitte 6 08 27 18 01 09
L 2078 Soldier 3 08 27 18 18 44
L 2054 Reaper 4 08 27 18 18 55